Continuous Data Logging,
07/11/2019 14:11:44;Continuous Data Logging,
Number of Data points = 500 , Array dimension = 1, Time interval = 100 mSecs 
583
406
218
83
15
1
47
153
322
519
695
831
909
922
873
765
610
431
253
121
46
28
65
159
312
493
660
793
871
892
853
757
619
454
286
156
77
54
82
166
304
471
629
757
836
863
832
750
625
474
317
189
107
80
100
175
299
451
601
723
805
835
813
742
629
491
345
220
139
105
120
185
295
435
575
693
774
808
794
732
631
505
369
250
168
130
139
195
293
422
552
665
745
783
775
722
632
517
391
277
195
155
158
205
294
410
532
640
718
757
756
711
632
526
410
302
222
179
177
217
295
400
514
616
692
735
737
700
630
534
427
325
246
203
195
229
298
393
499
594
670
713
719
690
627
540
442
346
270
224
214
241
301
388
486
575
648
691
702
678
623
545
454
364
291
244
232
253
306
384
473
559
628
671
686
666
619
548
465
381
310
264
248
264
311
381
464
543
609
653
669
655
614
550
475
396
328
282
264
276
316
378
455
529
593
637
654
644
608
551
482
408
344
299
279
287
321
377
448
517
577
620
640
634
603
551
489
420
359
315
294
298
327
377
441
506
563
605
626
624
597
552
494
431
373
330
308
309
334
378
436
497
551
592
613
613
592
551
498
440
385
344
321
319
340
379
431
489
539
579
601
604
586
549
502
448
396
356
333
329
346
380
428
481
529
567
590
594
579
547
504
455
406
368
344
339
352
383
426
475
519
556
579
585
573
545
506
462
415
378
354
348
358
385
424
470
512
546
569
576
567
543
508
467
424
388
365
356
364
387
423
464
505
537
560
568
562
540
509
471
431
396
374
364
370
390
422
460
498
529
551
560
556
537
509
475
438
405
382
372
376
393
421
456
492
522
543
553
550
534
509
477
444
412
390
379
381
396
421
453
486
515
535
546
545
531
509
480
449
418
397
386
386
399
422
451
482
509
529
539
539
528
508
482
453
425
404
392
392
402
422
449
478
503
522
533
535
525
508
484
457
431
410
398
397
405
423
447
474
498
517
527
530
522
507
486
460
436
416
404
402
408
424
446
470
494
512
523
525
520
506
486
463
440
422
409
406
412
425
445
468
489
507
518
521
517
505
487
466
445
427
414
410
415
426
444
465
486
502
514
517
514
504
488
469
448
431
419
414
417
428
444
463
482
498
509
514
512
502
488
